,pred_ADL,pred_Fall
true_ADL,7260,521
true_Fall,556,1569
